 <pre>

 Contingency table for Cloud cover (octas)
 Selection: ALL    379 stations
Period: 20240416-20240419
Used {00,06,12,18} + 01 02 ... 12
 Limits   0.500000000       1.50000000       2.50000000       3.50000000       4.50000000       5.50000000       6.50000000       7.50000000    
 Each class is data <= limit, the very last > last limit
 Total number of values       46129
                                                       OBSERVATION
                                   1623      410      317      227      170      151      182      243      326 |      3649
                                    452      168      180      146      100      135      172      272      434 |      2059
                                    218      113      114      104       99      115      149      264      423 |      1599
                                    164       72       73       98       85      117      162      323      468 |      1562
                           Ref      157       78       67       93       84      117      184      360      513 |      1653
                                    152       91       86       92       98      119      196      390      593 |      1817
                                    136       86       79      111      108      154      233      526      842 |      2275
                                    155       91      118      143      106      222      390      939     1571 |      3735
                                    368      268      314      351      400      638     1349     6442    17650 |     27780

                    SUM            3425     1377     1348     1365     1250     1768     3017     9759    22820 |     46129
                                                       OBSERVATION
                                   1671      442      385      267      222      204      233      406      661 |      4491
                                    361      165      136      147      112      132      195      366      580 |      2194
                                    194       86      101       80       83      116      164      294      466 |      1584
                                    145       67       69       78       64      106      170      292      455 |      1446
                       Highres      133       68       67       83       72      106      154      248      457 |      1388
                                    153       58       67       82       62      118      180      309      555 |      1584
                                    129       73       74       84       75      118      205      391      694 |      1843
                                    159       74       82      105      115      167      270      672     1185 |      2829
                                    480      344      367      439      445      701     1446     6781    17767 |     28770

                    SUM            3425     1377     1348     1365     1250     1768     3017     9759    22820 |     46129

