 <pre>

 Contingency table for Cloud base (m)
 Selection: ALL    623 stations
Period: 20240416-20240419
Used {00,06,12,18} + 01 02 ... 12
 Limits    70.0000000       150.000000       300.000000       600.000000       1000.00000       1500.00000       2500.00000       5000.00000    
 Each class is data <= limit, the very last > last limit
 Total number of values       82444
                                                       OBSERVATION
                                    136      147      175       90       55       60       38       27      114 |       842
                                     51      243      425      185       66        9       19        7       11 |      1016
                                     42      345     1685     1186      252       66       30       15       12 |      3633
                                     80      360     2070     5932     2319      545      289      134      142 |     11871
                           Ref       79      168      800     3531     5976     1900      660      323      382 |     13819
                                     40       74      364      978     2752     2606     1029      329      365 |      8537
                                     22       39      312      783     1036     1365     1886      286      375 |      6104
                                     16       13      106      446      905      601      491      894      224 |      3696
                                    211       77      373     2196     5062     4819     4448     2382    13358 |     32926

                    SUM             677     1466     6310    15327    18423    11971     8890     4397    14983 |     82444
                                                       OBSERVATION
                                    100      116      140       91       43       45       43       20       73 |       671
                                     36      195      296      125       47       13       10       10        5 |       737
                                     52      378     1485     1093      285       57       37       19       10 |      3416
                                     59      291     1587     4089     1540      351      142      100       86 |      8245
                       Highres       50      144      859     3405     3934     1129      416      229      248 |     10414
                                     56      135      611     1674     3301     2542      958      349      418 |     10044
                                     55       84      514     1300     1766     1709     1961      410      484 |      8283
                                     17       23      166      602     1167      756      593      883      330 |      4537
                                    252      100      652     2948     6340     5369     4730     2377    13329 |     36097

                    SUM             677     1466     6310    15327    18423    11971     8890     4397    14983 |     82444

