 <pre>

 Contingency table for Low clouds (octas)
 Selection: METCOOP    229 stations
Period: 20240416-20240419
Used {00,06,12,18} + 01 02 ... 12
 Limits    1.00000000       2.00000000       3.00000000       4.00000000       5.00000000       6.00000000       7.00000000    
 Each class is data <= limit, the very last > last limit
 Total number of values       36849
                                              OBSERVATION
                                  11340      392      358      323      264      291      584     1466 |     15018
                                    713      120       92       75       76       79      205      538 |      1898
                                    435       93      105       72       76       77      193      461 |      1512
                           Ref      383      109       82       81       81       75      171      515 |      1497
                                    301       96       86       87       57       86      201      530 |      1444
                                    262      102      101      105       78      105      234      650 |      1637
                                    299      160      117      130      121      142      304     1089 |      2362
                                    583      681      590      610      555      634     1418     6410 |     11481

                    SUM           14316     1753     1531     1483     1308     1489     3310    11659 |     36849
                                              OBSERVATION
                                  11621      516      456      413      307      383      890     2196 |     16782
                                    522       95       80       79       77       80      178      507 |      1618
                                    366       95       71       70       50       61      146      468 |      1327
                       Highres      280       89       72       57       57       60      132      417 |      1164
                                    259       90       65       73       60       77      146      433 |      1203
                                    238       93       86       78       77       74      182      542 |      1370
                                    303      136      115      111       91      111      276      862 |      2005
                                    727      639      586      602      589      643     1360     6234 |     11380

                    SUM           14316     1753     1531     1483     1308     1489     3310    11659 |     36849

