 <pre>

 Contingency table for Visibility (m)
 Selection: ALL    705 stations
Period: 20240416-20240419
Used {00,06,12,18} + 00 01 ... 12
 Limits    1000.00000       5000.00000       10000.0000       20000.0000    
 Each class is data <= limit, the very last > last limit
 Total number of values      120319
                                     OBSERVATION
                                    325      321      179      249      130 |      1204
                                    482     2875     1709     2002     2222 |      9290
                           Ref      192      784     1706     4530     8482 |     15694
                                     61      496     1712     6314    16567 |     25150
                                    119      810     2939    14054    51059 |     68981

                    SUM            1179     5286     8245    27149    78460 |    120319
                                     OBSERVATION
                                    194      142      116      160      106 |       718
                                    633     2899     2023     3430     3801 |     12786
                       Highres      148      807     1610     4226     9342 |     16133
                                     75      551     1910     7579    19886 |     30001
                                    129      887     2586    11754    45325 |     60681

                    SUM            1179     5286     8245    27149    78460 |    120319

