 <pre>

 Contingency table for Low clouds (octas)
 Selection: ALL    618 stations
Period: 20240416-20240419
Used {00,06,12,18} + 01 02 ... 12
 Limits    1.00000000       2.00000000       3.00000000       4.00000000       5.00000000       6.00000000       7.00000000    
 Each class is data <= limit, the very last > last limit
 Total number of values       84727
                                              OBSERVATION
                                  18339     1218     1038      806      805      778     1373     2564 |     26921
                                   1431      348      307      249      247      256      483      972 |      4293
                                    960      277      290      239      254      222      506      888 |      3636
                           Ref      851      283      295      229      243      243      509      938 |      3591
                                    707      271      284      251      218      274      527     1031 |      3563
                                    700      312      345      283      261      325      661     1226 |      4113
                                    814      463      439      369      397      473      975     2134 |      6064
                                   1815     1926     1984     1808     2013     2394     5791    14815 |     32546

                    SUM           25617     5098     4982     4234     4438     4965    10825    24568 |     84727
                                              OBSERVATION
                                  18914     1544     1365     1057      966     1039     2048     3923 |     30856
                                   1111      321      292      236      264      243      500      946 |      3913
                                    808      247      242      197      207      213      399      892 |      3205
                       Highres      630      239      213      189      199      203      380      777 |      2830
                                    581      230      211      182      179      205      414      818 |      2820
                                    569      242      252      214      214      234      541     1011 |      3277
                                    683      331      352      298      322      315      760     1631 |      4692
                                   2321     1944     2055     1861     2087     2513     5783    14570 |     33134

                    SUM           25617     5098     4982     4234     4438     4965    10825    24568 |     84727

