 <pre>

 Contingency table for Visibility (m)
 Selection: METCOOP    261 stations
Period: 20240416-20240419
Used {00,06,12,18} + 00 01 ... 12
 Limits    1000.00000       5000.00000       10000.0000       20000.0000    
 Each class is data <= limit, the very last > last limit
 Total number of values       49008
                                     OBSERVATION
                                     24       74       39       36       37 |       210
                                    124     1491      806      812     1253 |      4486
                           Ref       20      112      175      392     2292 |      2991
                                     13       72      157      551     6246 |      7039
                                     21      217      650     3771    29623 |     34282

                    SUM             202     1966     1827     5562    39451 |     49008
                                     OBSERVATION
                                      4       31       27       23       51 |       136
                                    133     1243      603      660     1362 |      4001
                       Highres       17      269      317      579     2815 |      3997
                                     23      142      256      749     7787 |      8957
                                     25      281      624     3551    27436 |     31917

                    SUM             202     1966     1827     5562    39451 |     49008

