 <pre>

 Contingency table for Cloud base (m)
 Selection: METCOOP    228 stations
Period: 20240416-20240419
Used {00,06,12,18} + 01 02 ... 12
 Limits    70.0000000       150.000000       300.000000       600.000000       1000.00000       1500.00000       2500.00000       5000.00000    
 Each class is data <= limit, the very last > last limit
 Total number of values       35846
                                                       OBSERVATION
                                     26       81       78       31        9        8       11        0        2 |       246
                                     38      147      181       70       22        5       14        0        6 |       483
                                     25      172      658      341       76       27       19        4        7 |      1329
                                     44      170      835     1732      656      206      117       23       74 |      3857
                           Ref       37       96      379     1118     1849      679      219       42      163 |      4582
                                     19       51      210      318      933     1126      422       51      144 |      3274
                                      3       24      170      235      309      642      998       86      202 |      2669
                                      7        8       51       98      261      137      197      312      157 |      1228
                                     26       36      200      833     1890     2537     2456     1042     9158 |     18178

                    SUM             225      785     2762     4776     6005     5367     4453     1560     9913 |     35846
                                                       OBSERVATION
                                     13       57       70       25        8       12       12        2        4 |       203
                                     25      111      106       26        9        6        5        2        2 |       292
                                     31      184      522      245       65       19       13        3        7 |      1089
                                     32      136      587     1104      362      102       46       11       52 |      2432
                       Highres       22       84      376      882     1157      339      137       22      106 |      3125
                                     39       85      327      608     1178     1110      366       51      165 |      3929
                                     15       54      312      488      580      826     1032       90      239 |      3636
                                      7       16       91      186      362      262      241      319      237 |      1721
                                     41       58      371     1212     2284     2691     2601     1060     9101 |     19419

                    SUM             225      785     2762     4776     6005     5367     4453     1560     9913 |     35846

